802050701
007082460
010900000
600001832
500000009
184300006
000004020
095610300
308090607
000000007
720309001
008705060
502890000
040501090
000063705
030906100
200107053
900000000
206000049
037009000
100700006
000580900
705000804
009062000
900004001
000300490
410000208
025007004
001005020
700020500
509004800
000000000
007500609
003070006
040100700
800200910
001725000
080010006
250000130
070000500
000106000
009000080
045000029
700090060
000648300
050200000
300005080
960078200
000030020
708000103
040080000
001640032
070500001
000009050
800200046
007900000
100000500
000500032
408000701
320007000
006000009
000003200
280006003
001725000
080010000
250000130
070000500
000186000
009000080
045000029
000090060
000648300
050090000
004800009
000107280
560000137
000000000
173000042
021508000
600003800
000010060
000400702
064000050
100007009
210008003
000050000
800100075
900700008
080000920
507002000
000054306
000003270
000720001
900070053
000000000
820010009
300061000
046900000
701540000
703108459
900060800
000000000
010290367
075003008
000701000
002070015
086350020
000010000
000059020
090740000
406001908
017020500
800005702
000003041
580600000
934000280
061002000
907501820
035020010
018006003
000000209
090652001
102049500
386400000
750210600
400000080
000060005
624000010
001000300
008004037
009100500
007500090
082470000
090310000
000029053
806000052
090740000
072658034
000200063
903160007
000000000
000500600
410000325
507000008
100843000
008027031
600000000
004300100
537900080
010004305
490030070
300100000
000405010
790000003
400000060
801004002
005000000
300100000
040006209
200030506
030605421
000000300
000815400
105000030
000004001
019000080
060400000
208790000
001000043
800000297
006002000
790000003
000000060
801004002
005000000
300100000
040006209
200030006
030605421
000000000
100007090
030020008
009600500
005300900
010080002
600004000
300000010
040000007
007000300